4.812500000000000000e+00 1.750000000000000000e+00
4.673346438721120322e+00 2.245157932294392644e+00
4.478727026726173399e+00 2.726598426950008314e+00
4.230312337440740755e+00 3.187781168300207746e+00
3.930564967152951894e+00 3.622396709318198571e+00
3.582706089763168844e+00 4.024463518748843782e+00
3.190670077069330368e+00 4.388420152847667843e+00
2.759047888791885672e+00 4.709211085051143719e+00
2.293020116253467577e+00 4.982364827268331631e+00
1.798280729225549823e+00 5.204063098775076668e+00
1.280952724276572585e+00 5.371199940947449569e+00
7.474970026117424560e-01 5.481429836009541923e+00
2.046159138003877942e-01 5.533204063025530139e+00
-3.408470127996161558e-01 5.525794711728488906e+00
-8.820095660623072931e-01 5.459305971441249739e+00
-1.412053961998093854e+00 5.334672515151357430e+00
-1.924328935198454937e+00 5.153645004497244386e+00
-2.412449200771038527e+00 4.918762946704449135e+00
-2.870390716824541055e+00 4.633315336083624558e+00
-3.292580244810158874e+00 4.301289707330855805e+00
-3.673977796331512558e+00 3.927310412431344488e+00
-4.010150668930403839e+00 3.516567104497889673e+00
-4.297337908011081176e+00 3.074734567623352177e+00
-4.532504185316985179e+00 2.607885169292743832e+00
-4.713382253758786611e+00 2.122395328880873233e+00
-4.838503321188698969e+00 1.624847490380534554e+00
-4.907214878986736473e+00 1.121929158248134772e+00
-4.919685721964278891e+00 6.203306009865042769e-01
-4.876898100875658670e+00 1.266428470790225136e-01
-4.780627154469577533e+00 -3.527424081712181581e-01
-4.633407971205944165e+00 -8.117293983554215719e-01
-4.438490828246601794e+00 -1.244609855127725373e+00
-4.199785343929046455e+00 -1.646148103675940666e+00
-3.921794456622766933e+00 -2.011658342467077087e+00
-3.609539304811746785e+00 -2.337072891850125345e+00
-3.268476227845603876e+00 -2.619000342151784011e+00
-2.904407231736136463e+00 -2.854772695044652586e+00
-2.523385367643169896e+00 -3.042480769574294808e+00
-2.131616550639235275e+00 -3.180997333441650810e+00
-1.735359401688316261e+00 -3.269987617904665189e+00
-1.340824725636946546e+00 -3.309907077804247422e+00
-9.540762419233298486e-01 -3.301986463465969024e+00
-5.809341626072906939e-01 -3.248204475277300940e+00
-2.268831645739781688e-01 -3.151248471308243371e+00
1.030137698566109261e-01 -3.014463890220445474e+00
4.041942659976197616e-01 -2.841793232810635672e+00
6.726669640768705438e-01 -2.637705612946103617e+00
9.050722999445941497e-01 -2.407118039681942712e+00
1.098732695081820809e+00 -2.155309724574335561e+00
1.251691363902953213e+00 -1.887830819497184232e+00
1.362739131146190497e+00 -1.610407078843962614e+00
1.431428846646461084e+00 -1.328842004431459722e+00
1.458077185851317736e+00 -1.048918070685434856e+00
1.443753828829761332e+00 -7.762986411528206565e-01
1.390258214942623693e+00 -5.164321748401041745e-01
1.300084271496450672e+00 -2.744602825302334126e-01
1.176373709349168184e+00 -5.513112970399836055e-02
1.022858663438646065e+00 1.372804049850697705e-01
8.437946285835932203e-01 2.990445171435482941e-01
6.438847978827477725e-01 4.270390427998335126e-01
4.281970500838013782e-01 5.188017863049093625e-01
2.020749511677845944e-01 5.725717595765100754e-01
-2.895576781715147874e-02 5.873186626021702494e-01
-2.592837214962347980e-01 5.627601262361551226e-01
-4.833097859876926972e-01 4.993664371699492177e-01
-6.955448135900489381e-01 3.983526683187382789e-01
-8.907055433772332886e-01 2.616583424670745339e-01
-1.063807133909371760e+00 9.191495955573036891e-02
-1.210250798880567968e+00 -1.075980847982279665e-01
-1.325905105704604292e+00 -3.330084732555532723e-01
-1.407179599509780221e+00 -5.799159397439046515e-01
-1.451089539123934014e+00 -8.434661853071924176e-01
-1.455310675381014773e+00 -1.118432534943002432e+00
-1.418223163154937794e+00 -1.399304007246897408e+00
-1.338943874330136508e+00 -1.680378363802364383e+00
-1.217346566618258574e+00 -1.955858623497775062e+00
-1.054069559702595527e+00 -2.219951469639205754e+00
-8.505107724683536041e-01 -2.466965945789095116e+00
-6.088101797980065566e-01 -2.691410830214895356e+00
-3.318199512772519455e-01 -2.888089098782383957e+00
-2.306273388228263777e-02 -3.052187931759305251e+00
3.133212669162745989e-01 -3.179362790577022313e+00
6.726375712955016128e-01 -3.265814185000061709e+00
1.049710069624845588e+00 -3.308355867860486299e+00
1.438961870178078417e+00 -3.304473331652162393e+00
1.834503058958846022e+00 -3.252371636645420061e+00
2.230223967501750337e+00 -3.151011771278525053e+00
2.619892453987785697e+00 -3.000134929657783278e+00
2.997253636514631836e+00 -2.800274285093117488e+00
3.356130475967816551e+00 -2.552754039588743140e+00
3.690523590320141434e+00 -2.259675733865941005e+00
3.994708692605105860e+00 -1.923892007524085290e+00
4.263330081103989144e+00 -1.548968201047965287e+00
4.491488671880476957e+00 -1.139132387291411641e+00
4.674823149707875380e+00 -6.992146066555279260e-01
4.809582922286729456e+00 -2.345762544309519804e-01
4.892691692702176631e+00 2.489692721192625635e-01
4.921800614234295601e+00 7.452434179577774875e-01
4.895330157519095948e+00 1.247795435357202720e+00
4.812500000000000000e+00 1.749999999999998002e+00
